$ANSIBLE_VAULT;1.1;AES256
34303033613736623936373033316463356662336466346331306364623562633665643761376635
6338346436333836353935613666616635333738666566380a323732663234313064316639363834
31646665393164393938633035373936633561376536336334333532373734653536626365636434
6432366666333737300a666331326233653762333862356330366264663566326365333065336230
63646366663838313532656439623264353335633434653563336666653864653566383636636339
35613564343836366363303733643062663739396661646537363433383133383564336538393934
34363463376665353161336663353433356363316639316662623362383362643361393234306362
30623037396234646363663933343564343932316563353565653462663730616131386636373133
38343232383464303865376636393161656634376462636530326137343263636563396263346263
30643834663538633130376439353562633364626165653165303239316233303636346534336533
31363564646630623934343938363032333032396263313537386163346337343734343865353265
63313932653335373431643164336133396663396665306166353465643735346435336431656239
31646538623531373230366638356238303933313530366231623637383934333438373636646266
64316433616362666534623033303231343437356438376263383139316230623136613933353438
62346438646136623032616230323964343734646637613935343431643763653765363834616166
35393137616238393261396161396234633134633266343834666530666130363964343635623034
66373337306636613064663664386632653933336264313638353935303664306236323263333766
38386536376236353330373333313365626138356161346662623535613230643332313162623463
65383063653134303662383964623866336562373331363462633762656632356430303565313236
37306364393063346430623235303264326664323765396639623736623037653661396235626131
63333030653330376364646465323464633535303935626231376665363137663533333964656338
38633532303036643564313664616166383362666466656638333639643736326332396566316534
39353530643761346561663535356234313330393631356439303032383131366133386535666536
62386131363264303265326137303930643266616533643339366262313264393566323330633764
3235
