$ANSIBLE_VAULT;1.1;AES256
62333532623864366239356531663538613733646464366330373931616131313233656266333731
3333653134623330393939653263656139383931383963640a306362383639623639653038313866
66336563333437323735653634326336336331383630643035353731333730636636663065623761
3532613330633763350a393064336164376536333435663063353662613464366630313662303664
32643238656634316435306636663133396562343635646130346636323362383465626333363737
63333137616366613737303430633630633236313436323033313434353961373064643139393832
39633763346664306365623431646435643264343830613463663263643432623238336239316632
32303934656531666234356363323134616565366631373563633062353338373865356636633632
39653662663239636230656330366236393734616336633831626137323533363264636264343831
62666565366330626238393737653232616566626263346362643833626533393639663534613339
33313166333631316230303335633465316464326439633032343035303534353065396664656638
35633130616637393363363133326634343537336665663837653762323136356266363864653932
31386330326437346138646466343465343936386338666334396539613261333539333533376537
35323536393935353563373233346565393932303663353737353330346534306462666135643766
34373931646361383034336166656634376539376539653664383732653632643132646434323632
36616133373763663561326238643936316434313339306531626662353864626463643735373034
37636531636237646262626636636466663265373062343337303130383365613331666365356135
37306662353433373931663539643633633632646565323236383461333237343766343235353839
63643231373465343934316165393366613766333765326366643139303434386438326664346165
32376334353331333737663631346665613138343466613165633764376435333232306362306164
38343832613139326638326562393133666538353837633665646463623931306165636337343539
30663537376235646561646639306131616161303339363538633434616563653866376431333466
36383164636136383836636230313630643630653162306334353133646532303939326261333532
65613536383166376161643931333237336636396663663632336337613833303565656636333632
3139
